0.19780485928058625 0.16355196237564087 0.12148459404706954 0.08365029543638229 0.04987830445170403 0.02520438954234123 0.012000221014022826 0.005935832299292088 0.0036499550100415946 0.00297734341584146 
0.23921999335289001 0.1999099999666214 0.1492599993944168 0.10457000881433487 0.0618399977684021 0.029600000008940697 0.012189999222755432 0.004259999841451645 0.001340000075288117 0.0006099999882280827 
1.0 1.0 0.999 0.992 0.9400000000000001 0.766 0.475 0.229 0.08800000000000001 0.045 


0.20087997615337372 0.16296643018722534 0.12499956041574478 0.0827984482049942 0.04918758049607277 0.023031825944781304 0.010332952626049519 0.005251061264425516 0.0031442816834896803 0.002502473210915923 
0.23833999037742615 0.19679000973701477 0.1527400016784668 0.1017099991440773 0.06064999848604202 0.026990000158548355 0.01030999980866909 0.003750000149011612 0.0010800000745803118 0.00030999997397884727 
1.0 1.0 1.0 0.9949999999999999 0.9179999999999999 0.701 0.40499999999999997 0.184 0.062 0.026000000000000002 


0.20548959076404572 0.1766444981098175 0.14358813166618348 0.10812486112117767 0.07621527910232544 0.04550566822290421 0.025884574651718138 0.011801587976515293 0.005270091630518436 0.002702241903170943 
0.24265000224113464 0.21071000397205353 0.17407000064849854 0.13333000242710114 0.09523999691009521 0.05691999942064285 0.03241000324487686 0.013580000028014183 0.005090000107884407 0.001779999933205545 
1.0 1.0 1.0 1.0 0.999 0.977 0.892 0.629 0.317 0.132 
0.1995310217142105 0.16474851667881013 0.12373411059379577 0.08033215254545212 0.04673561677336693 0.023585406690835954 0.009907130524516106 0.004387030098587275 0.002776489034295082 0.002126172883436084 
0.23883001506328583 0.19853000342845917 0.1501699984073639 0.09901999682188034 0.0572500005364418 0.027880001813173294 0.010420000180602074 0.0030399998649954796 0.0012100001331418753 0.0003499999875202775 
1.0 1.0 0.998 0.983 0.909 0.7150000000000001 0.38499999999999995 0.151 0.075 0.026000000000000002 
